#Mut_type	Percentage	Mutated_num	Germline_num	A	C	G	T	A_mut	C_mut	G_mut	T_mut
WRCY	15.542609241929462	131126	843655	12.035751872245017	0.0	31.76257950368348	56.2016686240715	15782.0	0.0	41649.0	73695.0
RGYW	26.266568577247075	554487	2110999	50.37449029463269	40.38183041261563	0.0	9.243679292751679	279320.0	223912.0	0.0	51255.0
SYC	1.027431062120639	28522	2776050	23.781642241077062	0.0	19.237781361755836	56.9805763971671	6783.0	0.0	5487.0	16252.0
GRS	1.3394012342896102	65064	4857693	38.20699618836838	49.666482232878394	0.0	12.126521578753227	24859.0	32315.0	0.0	7890.0
C	5.221799741384248	258005	4940921	19.51706362279801	0.0	41.03718920175966	39.445747175442335	50355.0	0.0	105878.0	101772.0
G	5.626423519081068	404437	7188172	51.21341519198293	35.07146972210752	0.0	13.715115085909549	207126.0	141842.0	0.0	55469.0
WA	12.316973360862388	580151	4710175	0.0	23.155350934498088	47.329402172882574	29.515246892619334	0.0	134336.0	274582.0	171233.0
TW	6.101914412270899	176315	2889503	24.193630717749482	53.732240592122054	22.074128690128465	0.0	42657.0	94738.0	38920.0	0.0
A	5.156269575594213	410744	7965914	0.0	24.578813080653642	55.90513799349473	19.516048925851624	0.0	100956.0	229627.0	80161.0
T	1.6693241339363505	125193	7499622	22.020400501625492	42.78833481105173	35.19126468732277	0.0	27568.0	53568.0	44057.0	0.0
