Motif	Percentage	Mutated_num	Germline_num	A	C	G	T	A_mut	C_mut	G_mut	T_mut
WRCY	0.0	0.0	0.0	0.0	0.0	0.0	0.0	0.0	0.0	0.0	0.0
RGYW	20.1	55307.52	275123.0	54.05	33.76	0.0	12.19	29892.46	18671.34	0.0	6743.72
SYC	3.0	46490.89	1548139.0	23.76	0.0	37.57	38.66	11048.41	0.0	17468.41	17974.08
GRS	4.02	47448.62	1178900.0	42.32	39.0	0.0	18.69	20078.4	18503.5	0.0	8866.72
C	5.57	140912.61	2527879.0	22.37	0.0	28.84	48.79	31526.0	0.0	40641.47	68745.14
G	10.21	261286.94	2559167.0	45.06	31.78	0.0	23.16	117741.83	83040.56	0.0	60504.55
WA	24.94	38831.51	155687.0	0.0	21.86	48.09	30.04	0.0	8490.01	18675.62	11665.88
TW	15.28	81991.92	536617.0	25.14	53.32	21.53	0.0	20614.11	43721.07	17656.75	0.0
A	8.08	147746.78	1828092.0	0.0	34.17	44.32	21.51	0.0	50478.65	65481.58	31786.55
T	6.54	98286.75	1502607.0	17.56	38.15	44.28	0.0	17261.95	37498.82	43525.98	0.0
