#IGHV1-18.01	#Total number:7632
#Mut_type	region	ref	pos	A	T	C	G	Mut_number	Synonymous_number	Nonsynonymous_number	Mut_percent	Synonymous_percent	Nonsynonymous_percent
C	FR1	C	0	0	0	0	0	0	0	0	0	0	0
A	FR1	A	1	0	0	0	0	0	0	0	0	0	0
G	FR1	G	2	128	3	18	0	149	128	21	1.9523060796645701	1.6771488469601676	0.2751572327044025
RGYW	FR1	G	3	385	24	41	0	450	0	450	5.89622641509434	0	5.89622641509434
TW	FR1	T	4	35	0	264	129	428	0	428	5.6079664570230605	0	5.6079664570230605
T	FR1	T	5	18	0	81	102	201	201	0	2.6336477987421385	2.6336477987421385	0.0
C	FR1	C	6	51	17	0	68	136	0	136	1.7819706498951782	0	1.7819706498951782
A	FR1	A	7	0	86	19	125	230	0	230	3.0136268343815513	0	3.0136268343815513
RGYW	FR1	G	8	1263	125	580	0	1968	1263	705	25.78616352201258	16.54874213836478	9.2374213836478
WRCY	FR1	C	9	97	1151	0	111	1359	1151	208	17.806603773584907	15.081236897274634	2.7253668763102725
T	FR1	T	10	0	0	7	0	7	0	7	0.09171907756813417	0	0.09171907756813417
G	FR1	G	11	96	24	19	0	139	139	0	1.821278825995807	1.821278825995807	0.0
G	FR1	G	12	167	34	160	0	361	0	361	4.730083857442348	0	4.730083857442348
T	FR1	T	13	209	0	47	6	262	0	262	3.4329140461215935	0	3.4329140461215935
G	FR1	G	14	249	88	94	0	431	431	0	5.64727463312369	5.64727463312369	0.0
C	FR1	C	15	9	4	0	1	14	0	14	0.18343815513626835	0	0.18343815513626835
A	FR1	A	16	0	3	5	3	11	0	11	0.1441299790356394	0	0.1441299790356394
G	FR1	G	17	441	4	12	0	457	441	16	5.987945492662474	5.778301886792453	0.20964360587002095
T	FR1	T	18	6	0	15	10	31	0	31	0.4061844863731656	0	0.4061844863731656
SYC	FR1	C	19	8	8	0	10	26	0	26	0.34067085953878407	0	0.34067085953878407
T	FR1	T	20	54	0	104	44	202	202	0	2.646750524109015	2.646750524109015	0.0
G	FR1	G	21	44	3	16	0	63	0	63	0.8254716981132075	0	0.8254716981132075
GRS	FR1	G	22	101	7	127	0	235	0	235	3.0791404612159328	0	3.0791404612159328
A	FR1	A	23	0	38	82	264	384	384	0	5.031446540880503	5.031446540880503	0.0
RGYW	FR1	G	24	468	91	850	0	1409	0	1409	18.46174004192872	0	18.46174004192872
WRCY	FR1	C	25	170	268	0	735	1173	0	1173	15.369496855345911	0	15.369496855345911
T	FR1	T	26	65	0	88	47	200	200	0	2.620545073375262	2.620545073375262	0.0
GRS	FR1	G	27	2	0	16	0	18	0	18	0.2358490566037736	0	0.2358490566037736
A	FR1	A	28	0	28	35	23	86	0	86	1.1268343815513626	0	1.1268343815513626
G	FR1	G	29	590	14	132	0	736	590	146	9.643605870020965	7.730607966457023	1.9129979035639413
G	FR1	G	30	289	103	158	0	550	0	550	7.20649895178197	0	7.20649895178197
T	FR1	T	31	9	0	45	11	65	0	65	0.8516771488469602	0	0.8516771488469602
G	FR1	G	32	86	57	20	0	163	163	0	2.1357442348008386	2.1357442348008386	0.0
A	FR1	A	33	0	0	71	72	143	0	143	1.8736897274633124	0	1.8736897274633124
WA	FR1	A	34	0	44	49	374	467	0	467	6.118972746331237	0	6.118972746331237
G	FR1	G	35	69	9	10	0	88	69	19	1.1530398322851152	0.9040880503144654	0.2489517819706499
A	FR1	A	36	0	3	106	210	319	0	319	4.179769392033543	0	4.179769392033543
WA	FR1	A	37	0	65	66	356	487	0	487	6.381027253668763	0	6.381027253668763
G	FR1	G	38	124	32	114	0	270	124	146	3.5377358490566038	1.6247379454926625	1.9129979035639413
WRCY	FR1	C	39	46	70	0	51	167	0	167	2.188155136268344	0	2.188155136268344
SYC	FR1	C	40	7	23	0	1	31	0	31	0.4061844863731656	0	0.4061844863731656
T	FR1	T	41	39	0	114	89	242	242	0	3.1708595387840672	3.1708595387840672	0.0
GRS	FR1	G	42	5	12	2	0	19	0	19	0.2489517819706499	0	0.2489517819706499
GRS	FR1	G	43	12	10	2	0	24	0	24	0.31446540880503143	0	0.31446540880503143
GRS	FR1	G	44	13	11	5	0	29	29	0	0.379979035639413	0.379979035639413	0.0
G	FR1	G	45	96	22	4	0	122	0	122	1.59853249475891	0	1.59853249475891
C	FR1	C	46	45	5	0	7	57	0	57	0.7468553459119497	0	0.7468553459119497
SYC	FR1	C	47	8	30	0	40	78	78	0	1.0220125786163523	1.0220125786163523	0.0
T	FR1	T	48	15	0	16	36	67	0	67	0.8778825995807128	0	0.8778825995807128
SYC	FR1	C	49	2	5	0	1	8	0	8	0.10482180293501048	0	0.10482180293501048
A	FR1	A	50	0	64	58	144	266	266	0	3.4853249475890986	3.4853249475890986	0.0
G	FR1	G	51	88	24	111	0	223	0	223	2.9219077568134173	0	2.9219077568134173
T	FR1	T	52	1	0	31	4	36	0	36	0.4716981132075472	0	0.4716981132075472
G	FR1	G	53	93	81	31	0	205	205	0	2.6860587002096437	2.6860587002096437	0.0
A	FR1	A	54	0	2	70	36	108	0	108	1.4150943396226414	0	1.4150943396226414
WA	FR1	A	55	0	64	217	556	837	0	837	10.966981132075471	0	10.966981132075471
G	FR1	G	56	387	42	114	0	543	387	156	7.114779874213837	5.070754716981132	2.0440251572327046
G	FR1	G	57	132	7	161	0	300	0	300	3.930817610062893	0	3.930817610062893
T	FR1	T	58	5	0	12	2	19	0	19	0.2489517819706499	0	0.2489517819706499
SYC	FR1	C	59	14	67	0	53	134	134	0	1.7557651991614256	1.7557651991614256	0.0
T	FR1	T	60	22	0	14	55	91	0	91	1.1923480083857443	0	1.1923480083857443
SYC	FR1	C	61	9	7	0	3	19	0	19	0.2489517819706499	0	0.2489517819706499
C	FR1	C	62	32	83	0	52	167	167	0	2.188155136268344	2.188155136268344	0.0
T	FR1	T	63	1	0	2	1	4	0	4	0.05241090146750524	0	0.05241090146750524
G	FR1	G	64	0	4	1	0	5	0	5	0.06551362683438156	0	0.06551362683438156
C	FR1	C	65	0	555	0	0	555	555	0	7.272012578616352	7.272012578616352	0.0
A	FR1	A	66	0	9	246	189	444	0	444	5.817610062893082	0	5.817610062893082
WA	FR1	A	67	0	49	193	277	519	0	519	6.800314465408805	0	6.800314465408805
GRS	FR1	G	68	68	6	18	0	92	68	24	1.2054507337526206	0.8909853249475891	0.31446540880503143
RGYW	FR1	G	69	1122	83	71	0	1276	0	1276	16.71907756813417	0	16.71907756813417
C	FR1	C	70	14	46	0	63	123	0	123	1.6116352201257862	0	1.6116352201257862
TW	FR1	T	71	94	0	1099	82	1275	1275	0	16.705974842767297	16.705974842767297	0.0
T	FR1	T	72	47	0	43	70	160	0	160	2.0964360587002098	0	2.0964360587002098
C	FR1	C	73	35	101	0	8	144	0	144	1.8867924528301887	0	1.8867924528301887
T	FR1	T	74	103	0	303	109	515	515	0	6.7479035639413	6.7479035639413	0.0
G	CDR1	G	75	95	7	44	0	146	0	146	1.9129979035639413	0	1.9129979035639413
RGYW	CDR1	G	76	204	14	85	0	303	0	303	3.970125786163522	0	3.970125786163522
TW	CDR1	T	77	85	0	411	141	637	637	0	8.34643605870021	8.34643605870021	0.0
TW	CDR1	T	78	44	0	52	91	187	0	187	2.45020964360587	0	2.45020964360587
WA	CDR1	A	79	0	271	31	13	315	0	315	4.127358490566038	0	4.127358490566038
C	CDR1	C	80	3	490	0	0	493	490	3	6.459643605870021	6.420335429769392	0.03930817610062893
A	CDR1	A	81	0	134	181	212	527	0	527	6.905136268343815	0	6.905136268343815
C	CDR1	C	82	457	585	0	818	1860	0	1860	24.371069182389938	0	24.371069182389938
C	CDR1	C	83	320	776	0	475	1571	1571	0	20.584381551362682	20.584381551362682	0.0
TW	CDR1	T	84	33	0	140	23	196	0	196	2.5681341719077566	0	2.5681341719077566
TW	CDR1	T	85	65	0	48	4	117	0	117	1.5330188679245282	0	1.5330188679245282
TW	CDR1	T	86	73	0	658	108	839	658	181	10.993186582809225	8.621593291404611	2.3715932914046123
WA	CDR1	A	87	0	523	220	546	1289	0	1289	16.889412997903563	0	16.889412997903563
WRCY	CDR1	C	88	617	779	0	1103	2499	0	2499	32.7437106918239	0	32.7437106918239
C	CDR1	C	89	221	608	0	398	1227	1227	0	16.07704402515723	16.07704402515723	0.0
A	CDR1	A	90	0	143	114	648	905	0	905	11.85796645702306	0	11.85796645702306
RGYW	CDR1	G	91	2349	178	1314	0	3841	0	3841	50.327568134171905	0	50.327568134171905
WRCY	CDR1	C	92	345	2150	0	299	2794	2150	644	36.609014675052414	28.170859538784068	8.438155136268344
TW	CDR1	T	93	148	0	398	46	592	0	592	7.756813417190775	0	7.756813417190775
WA	CDR1	A	94	0	800	194	64	1058	0	1058	13.862683438155136	0	13.862683438155136
T	CDR1	T	95	38	0	0	21	59	0	59	0.7730607966457023	0	0.7730607966457023
G	CDR1	G	96	197	97	110	0	404	0	404	5.29350104821803	0	5.29350104821803
RGYW	CDR1	G	97	320	98	483	0	901	0	901	11.805555555555555	0	11.805555555555555
TW	CDR1	T	98	508	0	655	224	1387	1387	0	18.17348008385744	18.17348008385744	0.0
WA	FR2	A	99	0	519	494	588	1601	0	1601	20.97746331236897	0	20.97746331236897
T	FR2	T	100	11	0	11	2	24	0	24	0.31446540880503143	0	0.31446540880503143
C	FR2	C	101	154	488	0	111	753	642	111	9.866352201257861	8.41194968553459	1.4544025157232705
A	FR2	A	102	0	167	61	375	603	0	603	7.900943396226415	0	7.900943396226415
RGYW	FR2	G	103	817	218	1689	0	2724	0	2724	35.691823899371066	0	35.691823899371066
WRCY	FR2	C	104	42	1524	0	123	1689	1524	165	22.13050314465409	19.968553459119498	2.161949685534591
T	FR2	T	105	1	0	1	6	8	0	8	0.10482180293501048	0	0.10482180293501048
GRS	FR2	G	106	0	8	0	0	8	0	8	0.10482180293501048	0	0.10482180293501048
G	FR2	G	107	0	7	0	0	7	0	7	0.09171907756813417	0	0.09171907756813417
G	FR2	G	108	121	50	163	0	334	0	334	4.376310272536688	0	4.376310272536688
T	FR2	T	109	2	0	36	13	51	0	51	0.6682389937106918	0	0.6682389937106918
G	FR2	G	110	124	72	53	0	249	249	0	3.2625786163522013	3.2625786163522013	0.0
C	FR2	C	111	25	1	0	6	32	25	7	0.4192872117400419	0.3275681341719078	0.09171907756813417
GRS	FR2	G	112	0	2	1	0	3	0	3	0.03930817610062893	0	0.03930817610062893
A	FR2	A	113	0	47	211	394	652	652	0	8.542976939203355	8.542976939203355	0.0
C	FR2	C	114	18	1	0	20	39	0	39	0.5110062893081762	0	0.5110062893081762
A	FR2	A	115	0	48	4	44	96	0	96	1.2578616352201257	0	1.2578616352201257
GRS	FR2	G	116	38	5	10	0	53	38	15	0.6944444444444444	0.4979035639412998	0.19654088050314467
G	FR2	G	117	45	9	5	0	59	0	59	0.7730607966457023	0	0.7730607966457023
C	FR2	C	118	5	180	0	33	218	0	218	2.856394129979036	0	2.856394129979036
SYC	FR2	C	119	33	22	0	14	69	69	0	0.9040880503144654	0.9040880503144654	0.0
SYC	FR2	C	120	15	17	0	11	43	0	43	0.5634171907756813	0	0.5634171907756813
SYC	FR2	C	121	14	7	0	15	36	0	36	0.4716981132075472	0	0.4716981132075472
T	FR2	T	122	106	0	222	83	411	411	0	5.385220125786163	5.385220125786163	0.0
G	FR2	G	123	23	1	8	0	32	0	32	0.4192872117400419	0	0.4192872117400419
GRS	FR2	G	124	8	1	14	0	23	0	23	0.30136268343815514	0	0.30136268343815514
A	FR2	A	125	0	51	88	160	299	299	0	3.9177148846960166	3.9177148846960166	0.0
C	FR2	C	126	54	1	0	71	126	0	126	1.650943396226415	0	1.650943396226415
A	FR2	A	127	0	27	12	102	141	0	141	1.8474842767295598	0	1.8474842767295598
WA	FR2	A	128	0	26	91	446	563	446	117	7.376834381551363	5.843815513626835	1.5330188679245282
GRS	FR2	G	129	24	2	43	0	69	0	69	0.9040880503144654	0	0.9040880503144654
GRS	FR2	G	130	12	4	27	0	43	0	43	0.5634171907756813	0	0.5634171907756813
RGYW	FR2	G	131	795	170	579	0	1544	1544	0	20.230607966457022	20.230607966457022	0.0
C	FR2	C	132	12	88	0	3	103	0	103	1.34958071278826	0	1.34958071278826
TW	FR2	T	133	3	0	269	8	280	0	280	3.668763102725367	0	3.668763102725367
T	FR2	T	134	39	0	89	124	252	252	0	3.30188679245283	3.30188679245283	0.0
GRS	FR2	G	135	15	0	102	0	117	0	117	1.5330188679245282	0	1.5330188679245282
A	FR2	A	136	0	9	15	4	28	0	28	0.3668763102725367	0	0.3668763102725367
G	FR2	G	137	179	14	42	0	235	179	56	3.0791404612159328	2.3453878406708597	0.7337526205450734
T	FR2	T	138	0	0	2	12	14	0	14	0.18343815513626835	0	0.18343815513626835
G	FR2	G	139	49	27	5	0	81	0	81	1.0613207547169812	0	1.0613207547169812
G	FR2	G	140	2	14	62	0	78	0	78	1.0220125786163523	0	1.0220125786163523
A	FR2	A	141	0	80	367	498	945	0	945	12.382075471698114	0	12.382075471698114
T	FR2	T	142	2	0	8	3	13	0	13	0.17033542976939203	0	0.17033542976939203
GRS	FR2	G	143	57	55	34	0	146	0	146	1.9129979035639413	0	1.9129979035639413
G	FR2	G	144	5	6	0	0	11	0	11	0.1441299790356394	0	0.1441299790356394
G	FR2	G	145	2	0	232	0	234	0	234	3.0660377358490565	0	3.0660377358490565
A	FR2	A	146	0	241	343	807	1391	1391	0	18.22589098532495	18.22589098532495	0.0
T	FR2	T	147	104	0	67	42	213	0	213	2.790880503144654	0	2.790880503144654
G	FR2	G	148	68	42	32	0	142	0	142	1.8605870020964361	0	1.8605870020964361
G	FR2	G	149	13	39	110	0	162	0	162	2.1226415094339623	0	2.1226415094339623
A	CDR2	A	150	0	37	52	400	489	0	489	6.4072327044025155	0	6.4072327044025155
T	CDR2	T	151	23	0	95	111	229	0	229	3.000524109014675	0	3.000524109014675
C	CDR2	C	152	74	117	0	54	245	191	54	3.210167714884696	2.502620545073375	0.7075471698113207
A	CDR2	A	153	0	30	53	261	344	0	344	4.5073375262054505	0	4.5073375262054505
G	CDR2	G	154	681	48	269	0	998	0	998	13.076519916142558	0	13.076519916142558
C	CDR2	C	155	71	451	0	57	579	451	128	7.586477987421383	5.909329140461216	1.6771488469601676
G	CDR2	G	156	1291	168	1001	0	2460	0	2460	32.23270440251572	0	32.23270440251572
C	CDR2	C	157	117	712	0	1346	2175	0	2175	28.498427672955973	0	28.498427672955973
TW	CDR2	T	158	169	0	400	140	709	709	0	9.289832285115304	9.289832285115304	0.0
TW	CDR2	T	159	502	0	674	412	1588	0	1588	20.80712788259958	0	20.80712788259958
WA	CDR2	A	160	0	344	340	101	785	0	785	10.285639412997904	0	10.285639412997904
C	CDR2	C	161	82	815	0	161	1058	815	243	13.862683438155136	10.678721174004194	3.1839622641509435
A	CDR2	A	162	0	76	82	384	542	0	542	7.10167714884696	0	7.10167714884696
WA	CDR2	A	163	0	57	319	668	1044	0	1044	13.679245283018869	0	13.679245283018869
T	CDR2	T	164	142	0	705	150	997	705	292	13.06341719077568	9.2374213836478	3.8259958071278826
G	CDR2	G	165	231	65	121	0	417	0	417	5.463836477987422	0	5.463836477987422
RGYW	CDR2	G	166	540	129	239	0	908	0	908	11.89727463312369	0	11.89727463312369
TW	CDR2	T	167	585	0	612	368	1565	1565	0	20.505765199161427	20.505765199161427	0.0
WA	CDR2	A	168	0	285	720	1397	2402	0	2402	31.4727463312369	0	31.4727463312369
WA	CDR2	A	169	0	163	106	216	485	0	485	6.35482180293501	0	6.35482180293501
C	CDR2	C	170	378	514	0	619	1511	514	997	19.798218029350103	6.734800838574423	13.06341719077568
A	CDR2	A	171	0	91	87	356	534	0	534	6.99685534591195	0	6.99685534591195
C	CDR2	C	172	99	307	0	233	639	0	639	8.372641509433961	0	8.372641509433961
A	CDR2	A	173	0	134	166	204	504	504	0	6.60377358490566	6.60377358490566	0.0
WA	FR3	A	174	0	236	402	895	1533	0	1533	20.086477987421382	0	20.086477987421382
WA	FR3	A	175	0	305	145	425	875	0	875	11.464884696016771	0	11.464884696016771
WRCY	FR3	C	176	476	891	0	1162	2529	891	1638	33.136792452830186	11.674528301886792	21.462264150943398
TW	FR3	T	177	149	0	216	89	454	0	454	5.948637316561845	0	5.948637316561845
WA	FR3	A	178	0	518	337	39	894	0	894	11.713836477987421	0	11.713836477987421
T	FR3	T	179	25	0	383	39	447	383	64	5.8569182389937104	5.018343815513627	0.8385744234800838
G	FR3	G	180	288	194	231	0	713	0	713	9.34224318658281	0	9.34224318658281
C	FR3	C	181	154	391	0	239	784	0	784	10.272536687631026	0	10.272536687631026
A	FR3	A	182	0	122	136	297	555	555	0	7.272012578616352	7.272012578616352	0.0
C	FR3	C	183	114	20	0	536	670	0	670	8.778825995807129	0	8.778825995807129
A	FR3	A	184	0	47	275	274	596	0	596	7.809224318658281	0	7.809224318658281
G	FR3	G	185	250	56	135	0	441	250	191	5.778301886792453	3.2756813417190775	2.502620545073375
A	FR3	A	186	0	15	134	189	338	0	338	4.428721174004193	0	4.428721174004193
WA	FR3	A	187	0	91	144	800	1035	0	1035	13.56132075471698	0	13.56132075471698
RGYW	FR3	G	188	1228	519	851	0	2598	1228	1370	34.040880503144656	16.09014675052411	17.950733752620547
WRCY	FR3	C	189	222	3628	0	842	4692	0	4692	61.477987421383645	0	61.477987421383645
T	FR3	T	190	69	0	21	36	126	0	126	1.650943396226415	0	1.650943396226415
SYC	FR3	C	191	50	434	0	145	629	629	0	8.2416142557652	8.2416142557652	0.0
C	FR3	C	192	118	21	0	143	282	0	282	3.6949685534591197	0	3.6949685534591197
A	FR3	A	193	0	98	7	349	454	0	454	5.948637316561845	0	5.948637316561845
GRS	FR3	G	194	166	28	81	0	275	166	109	3.603249475890985	2.1750524109014675	1.428197064989518
GRS	FR3	G	195	33	8	18	0	59	0	59	0.7730607966457023	0	0.7730607966457023
RGYW	FR3	G	196	1178	28	104	0	1310	0	1310	17.164570230607968	0	17.164570230607968
C	FR3	C	197	69	98	0	93	260	260	0	3.406708595387841	3.406708595387841	0.0
A	FR3	A	198	0	1	75	6	82	75	7	1.0744234800838575	0.9827044025157232	0.09171907756813417
GRS	FR3	G	199	12	5	9	0	26	0	26	0.34067085953878407	0	0.34067085953878407
A	FR3	A	200	0	0	5	183	188	183	5	2.4633123689727463	2.397798742138365	0.06551362683438156
G	FR3	G	201	322	67	616	0	1005	0	1005	13.168238993710691	0	13.168238993710691
T	FR3	T	202	4	0	123	30	157	0	157	2.057127882599581	0	2.057127882599581
SYC	FR3	C	203	58	51	0	44	153	153	0	2.0047169811320753	2.0047169811320753	0.0
A	FR3	A	204	0	334	12	143	489	0	489	6.4072327044025155	0	6.4072327044025155
C	FR3	C	205	80	279	0	124	483	0	483	6.328616352201258	0	6.328616352201258
C	FR3	C	206	88	229	0	166	483	483	0	6.328616352201258	6.328616352201258	0.0
A	FR3	A	207	0	620	577	350	1547	0	1547	20.26991614255765	0	20.26991614255765
T	FR3	T	208	1	0	13	12	26	0	26	0.34067085953878407	0	0.34067085953878407
GRS	FR3	G	209	50	28	63	0	141	0	141	1.8474842767295598	0	1.8474842767295598
A	FR3	A	210	0	39	7	79	125	0	125	1.6378406708595388	0	1.6378406708595388
C	FR3	C	211	30	31	0	138	199	0	199	2.607442348008386	0	2.607442348008386
C	FR3	C	212	94	264	0	122	480	480	0	6.289308176100629	6.289308176100629	0.0
A	FR3	A	213	0	120	23	463	606	0	606	7.940251572327044	0	7.940251572327044
C	FR3	C	214	104	404	0	324	832	0	832	10.90146750524109	0	10.90146750524109
A	FR3	A	215	0	212	101	324	637	637	0	8.34643605870021	8.34643605870021	0.0
GRS	FR3	G	216	37	12	24	0	73	0	73	0.9564989517819706	0	0.9564989517819706
A	FR3	A	217	0	25	16	10	51	0	51	0.6682389937106918	0	0.6682389937106918
C	FR3	C	218	89	217	0	213	519	217	302	6.800314465408805	2.843291404612159	3.957023060796646
A	FR3	A	219	0	150	111	269	530	0	530	6.944444444444445	0	6.944444444444445
C	FR3	C	220	118	212	0	152	482	0	482	6.315513626834382	0	6.315513626834382
A	FR3	A	221	0	201	153	277	631	631	0	8.267819706498951	8.267819706498951	0.0
T	FR3	T	222	87	0	210	227	524	0	524	6.865828092243187	0	6.865828092243187
C	FR3	C	223	68	134	0	27	229	0	229	3.000524109014675	0	3.000524109014675
C	FR3	C	224	145	257	0	176	578	578	0	7.573375262054507	7.573375262054507	0.0
A	FR3	A	225	0	117	6	188	311	0	311	4.0749475890985325	0	4.0749475890985325
C	FR3	C	226	15	35	0	47	97	0	97	1.270964360587002	0	1.270964360587002
GRS	FR3	G	227	172	58	138	0	368	368	0	4.821802935010482	4.821802935010482	0.0
A	FR3	A	228	0	38	100	644	782	0	782	10.246331236897275	0	10.246331236897275
RGYW	FR3	G	229	1283	15	1102	0	2400	0	2400	31.446540880503143	0	31.446540880503143
C	FR3	C	230	183	791	0	322	1296	791	505	16.9811320754717	10.364255765199161	6.616876310272537
A	FR3	A	231	0	34	3	51	88	0	88	1.1530398322851152	0	1.1530398322851152
C	FR3	C	232	20	99	0	14	133	0	133	1.7426624737945493	0	1.7426624737945493
A	FR3	A	233	0	222	126	323	671	671	0	8.791928721174004	8.791928721174004	0.0
G	FR3	G	234	115	58	8	0	181	0	181	2.3715932914046123	0	2.3715932914046123
WRCY	FR3	C	235	10	988	0	173	1171	0	1171	15.34329140461216	0	15.34329140461216
SYC	FR3	C	236	84	252	0	278	614	614	0	8.045073375262055	8.045073375262055	0.0
TW	FR3	T	237	37	0	195	33	265	0	265	3.4722222222222223	0	3.4722222222222223
WA	FR3	A	238	0	294	115	8	417	0	417	5.463836477987422	0	5.463836477987422
C	FR3	C	239	3	659	0	9	671	659	12	8.791928721174004	8.634696016771489	0.15723270440251572
A	FR3	A	240	0	412	354	58	824	0	824	10.79664570230608	0	10.79664570230608
T	FR3	T	241	1	0	4	7	12	0	12	0.15723270440251572	0	0.15723270440251572
G	FR3	G	242	26	17	7	0	50	0	50	0.6551362683438156	0	0.6551362683438156
GRS	FR3	G	243	27	8	67	0	102	0	102	1.3364779874213837	0	1.3364779874213837
A	FR3	A	244	0	18	17	25	60	0	60	0.7861635220125787	0	0.7861635220125787
RGYW	FR3	G	245	2104	70	425	0	2599	2104	495	34.053983228511534	27.568134171907758	6.485849056603773
WRCY	FR3	C	246	159	1102	0	327	1588	1102	486	20.80712788259958	14.439203354297694	6.367924528301887
T	FR3	T	247	2	0	4	11	17	0	17	0.22274633123689727	0	0.22274633123689727
GRS	FR3	G	248	71	42	77	0	190	190	0	2.489517819706499	2.489517819706499	0.0
A	FR3	A	249	0	54	202	203	459	202	257	6.014150943396227	2.646750524109015	3.3674004192872116
G	FR3	G	250	267	49	307	0	623	0	623	8.16299790356394	0	8.16299790356394
GRS	FR3	G	251	71	45	93	0	209	71	138	2.738469601677149	0.9302935010482181	1.8081761006289307
A	FR3	A	252	0	14	54	393	461	0	461	6.040356394129979	0	6.040356394129979
G	FR3	G	253	429	7	148	0	584	0	584	7.651991614255765	0	7.651991614255765
WRCY	FR3	C	254	62	485	0	97	644	485	159	8.438155136268344	6.35482180293501	2.0833333333333335
SYC	FR3	C	255	12	70	0	14	96	70	26	1.2578616352201257	0.9171907756813418	0.34067085953878407
T	FR3	T	256	0	0	6	7	13	0	13	0.17033542976939203	0	0.17033542976939203
GRS	FR3	G	257	247	59	462	0	768	768	0	10.062893081761006	10.062893081761006	0.0
A	FR3	A	258	0	9	144	154	307	144	163	4.022536687631027	1.8867924528301887	2.1357442348008386
G	FR3	G	259	381	80	1255	0	1716	0	1716	22.48427672955975	0	22.48427672955975
A	FR3	A	260	0	79	131	248	458	248	210	6.00104821802935	3.249475890985325	2.751572327044025
T	FR3	T	261	82	0	326	132	540	0	540	7.0754716981132075	0	7.0754716981132075
C	FR3	C	262	197	401	0	24	622	0	622	8.149895178197065	0	8.149895178197065
T	FR3	T	263	128	0	202	103	433	433	0	5.673480083857442	5.673480083857442	0.0
GRS	FR3	G	264	67	1	14	0	82	0	82	1.0744234800838575	0	1.0744234800838575
A	FR3	A	265	0	7	46	78	131	0	131	1.7164570230607967	0	1.7164570230607967
C	FR3	C	266	53	43	0	55	151	43	108	1.978511530398323	0.5634171907756813	1.4150943396226414
GRS	FR3	G	267	2	2	2	0	6	0	6	0.07861635220125786	0	0.07861635220125786
A	FR3	A	268	0	1	2	2	5	0	5	0.06551362683438156	0	0.06551362683438156
C	FR3	C	269	21	70	0	5	96	70	26	1.2578616352201257	0.9171907756813418	0.34067085953878407
A	FR3	A	270	0	110	0	57	167	0	167	2.188155136268344	0	2.188155136268344
C	FR3	C	271	2	0	0	5	7	0	7	0.09171907756813417	0	0.09171907756813417
GRS	FR3	G	272	42	15	26	0	83	83	0	1.0875262054507338	1.0875262054507338	0.0
G	FR3	G	273	7	5	0	0	12	0	12	0.15723270440251572	0	0.15723270440251572
C	FR3	C	274	6	2	0	118	126	0	126	1.650943396226415	0	1.650943396226415
SYC	FR3	C	275	13	12	0	4	29	29	0	0.379979035639413	0.379979035639413	0.0
G	FR3	G	276	1083	94	246	0	1423	0	1423	18.64517819706499	0	18.64517819706499
T	FR3	T	277	20	0	107	33	160	0	160	2.0964360587002098	0	2.0964360587002098
G	FR3	G	278	1167	896	1523	0	3586	3586	0	46.986373165618446	46.986373165618446	0.0
TW	FR3	T	279	4	0	3	8	15	0	15	0.19654088050314467	0	0.19654088050314467
WA	FR3	A	280	0	108	0	0	108	0	108	1.4150943396226414	0	1.4150943396226414
TW	FR3	T	281	0	0	405	0	405	405	0	5.306603773584905	5.306603773584905	0.0
TW	FR3	T	282	1	0	20	6	27	0	27	0.35377358490566035	0	0.35377358490566035
WA	FR3	A	283	0	858	6	3	867	0	867	11.36006289308176	0	11.36006289308176
C	FR3	C	284	1	1411	0	4	1416	1411	5	18.553459119496857	18.487945492662472	0.06551362683438156
