#Mut_type	Region	Ref	Pos	Cover_num	R_A	R_C	R_G	R_T	S_A	S_C	S_G	S_T
C	FR1	C	0	7632	0	0	0	0	0	0	0	0
A	FR1	A	1	7632	0	0	0	0	0	0	0	0
G	FR1	G	2	7632	0	18	0	3	128	0	0	0
RGYW	FR1	G	3	7632	385	41	0	24	0	0	0	0
TW	FR1	T	4	7632	35	264	129	0	0	0	0	0
T	FR1	T	5	7632	0	0	0	0	18	81	102	0
C	FR1	C	6	7632	51	0	68	17	0	0	0	0
A	FR1	A	7	7632	0	19	125	86	0	0	0	0
RGYW	FR1	G	8	7632	0	580	0	125	1263	0	0	0
WRCY	FR1	C	9	7632	97	0	111	0	0	0	0	1151
T	FR1	T	10	7632	0	7	0	0	0	0	0	0
G	FR1	G	11	7632	0	0	0	0	96	19	0	24
G	FR1	G	12	7632	167	160	0	34	0	0	0	0
T	FR1	T	13	7632	209	47	6	0	0	0	0	0
G	FR1	G	14	7632	0	0	0	0	249	94	0	88
C	FR1	C	15	7632	9	0	1	4	0	0	0	0
A	FR1	A	16	7632	0	5	3	3	0	0	0	0
G	FR1	G	17	7632	0	12	0	4	441	0	0	0
T	FR1	T	18	7632	6	15	10	0	0	0	0	0
SYC	FR1	C	19	7632	8	0	10	8	0	0	0	0
T	FR1	T	20	7632	0	0	0	0	54	104	44	0
G	FR1	G	21	7632	44	16	0	3	0	0	0	0
GRS	FR1	G	22	7632	101	127	0	7	0	0	0	0
A	FR1	A	23	7632	0	0	0	0	0	82	264	38
RGYW	FR1	G	24	7632	468	850	0	91	0	0	0	0
WRCY	FR1	C	25	7632	170	0	735	268	0	0	0	0
T	FR1	T	26	7632	0	0	0	0	65	88	47	0
GRS	FR1	G	27	7632	2	16	0	0	0	0	0	0
A	FR1	A	28	7632	0	35	23	28	0	0	0	0
G	FR1	G	29	7632	0	132	0	14	590	0	0	0
G	FR1	G	30	7632	289	158	0	103	0	0	0	0
T	FR1	T	31	7632	9	45	11	0	0	0	0	0
G	FR1	G	32	7632	0	0	0	0	86	20	0	57
A	FR1	A	33	7632	0	71	72	0	0	0	0	0
WA	FR1	A	34	7632	0	49	374	44	0	0	0	0
G	FR1	G	35	7632	0	10	0	9	69	0	0	0
A	FR1	A	36	7632	0	106	210	3	0	0	0	0
WA	FR1	A	37	7632	0	66	356	65	0	0	0	0
G	FR1	G	38	7632	0	114	0	32	124	0	0	0
WRCY	FR1	C	39	7632	46	0	51	70	0	0	0	0
SYC	FR1	C	40	7632	7	0	1	23	0	0	0	0
T	FR1	T	41	7632	0	0	0	0	39	114	89	0
GRS	FR1	G	42	7632	5	2	0	12	0	0	0	0
GRS	FR1	G	43	7632	12	2	0	10	0	0	0	0
GRS	FR1	G	44	7632	0	0	0	0	13	5	0	11
G	FR1	G	45	7632	96	4	0	22	0	0	0	0
C	FR1	C	46	7632	45	0	7	5	0	0	0	0
SYC	FR1	C	47	7632	0	0	0	0	8	0	40	30
T	FR1	T	48	7632	15	16	36	0	0	0	0	0
SYC	FR1	C	49	7632	2	0	1	5	0	0	0	0
A	FR1	A	50	7632	0	0	0	0	0	58	144	64
G	FR1	G	51	7632	88	111	0	24	0	0	0	0
T	FR1	T	52	7632	1	31	4	0	0	0	0	0
G	FR1	G	53	7632	0	0	0	0	93	31	0	81
A	FR1	A	54	7632	0	70	36	2	0	0	0	0
WA	FR1	A	55	7632	0	217	556	64	0	0	0	0
G	FR1	G	56	7632	0	114	0	42	387	0	0	0
G	FR1	G	57	7632	132	161	0	7	0	0	0	0
T	FR1	T	58	7632	5	12	2	0	0	0	0	0
SYC	FR1	C	59	7632	0	0	0	0	14	0	53	67
T	FR1	T	60	7632	22	14	55	0	0	0	0	0
SYC	FR1	C	61	7632	9	0	3	7	0	0	0	0
C	FR1	C	62	7632	0	0	0	0	32	0	52	83
T	FR1	T	63	7632	1	2	1	0	0	0	0	0
G	FR1	G	64	7632	0	1	0	4	0	0	0	0
C	FR1	C	65	7632	0	0	0	0	0	0	0	555
A	FR1	A	66	7632	0	246	189	9	0	0	0	0
WA	FR1	A	67	7632	0	193	277	49	0	0	0	0
GRS	FR1	G	68	7632	0	18	0	6	68	0	0	0
RGYW	FR1	G	69	7632	1122	71	0	83	0	0	0	0
C	FR1	C	70	7632	14	0	63	46	0	0	0	0
TW	FR1	T	71	7632	0	0	0	0	94	1099	82	0
T	FR1	T	72	7632	47	43	70	0	0	0	0	0
C	FR1	C	73	7632	35	0	8	101	0	0	0	0
T	FR1	T	74	7632	0	0	0	0	103	303	109	0
G	CDR1	G	75	7632	95	44	0	7	0	0	0	0
RGYW	CDR1	G	76	7632	204	85	0	14	0	0	0	0
TW	CDR1	T	77	7632	0	0	0	0	85	411	141	0
TW	CDR1	T	78	7632	44	52	91	0	0	0	0	0
WA	CDR1	A	79	7632	0	31	13	271	0	0	0	0
C	CDR1	C	80	7632	3	0	0	0	0	0	0	490
A	CDR1	A	81	7632	0	181	212	134	0	0	0	0
C	CDR1	C	82	7632	457	0	818	585	0	0	0	0
C	CDR1	C	83	7632	0	0	0	0	320	0	475	776
TW	CDR1	T	84	7632	33	140	23	0	0	0	0	0
TW	CDR1	T	85	7632	65	48	4	0	0	0	0	0
TW	CDR1	T	86	7632	73	0	108	0	0	658	0	0
WA	CDR1	A	87	7632	0	220	546	523	0	0	0	0
WRCY	CDR1	C	88	7632	617	0	1103	779	0	0	0	0
C	CDR1	C	89	7632	0	0	0	0	221	0	398	608
A	CDR1	A	90	7632	0	114	648	143	0	0	0	0
RGYW	CDR1	G	91	7632	2349	1314	0	178	0	0	0	0
WRCY	CDR1	C	92	7632	345	0	299	0	0	0	0	2150
TW	CDR1	T	93	7632	148	398	46	0	0	0	0	0
WA	CDR1	A	94	7632	0	194	64	800	0	0	0	0
T	CDR1	T	95	7632	38	0	21	0	0	0	0	0
G	CDR1	G	96	7632	197	110	0	97	0	0	0	0
RGYW	CDR1	G	97	7632	320	483	0	98	0	0	0	0
TW	CDR1	T	98	7632	0	0	0	0	508	655	224	0
WA	FR2	A	99	7632	0	494	588	519	0	0	0	0
T	FR2	T	100	7632	11	11	2	0	0	0	0	0
C	FR2	C	101	7632	0	0	111	0	154	0	0	488
A	FR2	A	102	7632	0	61	375	167	0	0	0	0
RGYW	FR2	G	103	7632	817	1689	0	218	0	0	0	0
WRCY	FR2	C	104	7632	42	0	123	0	0	0	0	1524
T	FR2	T	105	7632	1	1	6	0	0	0	0	0
GRS	FR2	G	106	7632	0	0	0	8	0	0	0	0
G	FR2	G	107	7632	0	0	0	7	0	0	0	0
G	FR2	G	108	7632	121	163	0	50	0	0	0	0
T	FR2	T	109	7632	2	36	13	0	0	0	0	0
G	FR2	G	110	7632	0	0	0	0	124	53	0	72
C	FR2	C	111	7632	0	0	6	1	25	0	0	0
GRS	FR2	G	112	7632	0	1	0	2	0	0	0	0
A	FR2	A	113	7632	0	0	0	0	0	211	394	47
C	FR2	C	114	7632	18	0	20	1	0	0	0	0
A	FR2	A	115	7632	0	4	44	48	0	0	0	0
GRS	FR2	G	116	7632	0	10	0	5	38	0	0	0
G	FR2	G	117	7632	45	5	0	9	0	0	0	0
C	FR2	C	118	7632	5	0	33	180	0	0	0	0
SYC	FR2	C	119	7632	0	0	0	0	33	0	14	22
SYC	FR2	C	120	7632	15	0	11	17	0	0	0	0
SYC	FR2	C	121	7632	14	0	15	7	0	0	0	0
T	FR2	T	122	7632	0	0	0	0	106	222	83	0
G	FR2	G	123	7632	23	8	0	1	0	0	0	0
GRS	FR2	G	124	7632	8	14	0	1	0	0	0	0
A	FR2	A	125	7632	0	0	0	0	0	88	160	51
C	FR2	C	126	7632	54	0	71	1	0	0	0	0
A	FR2	A	127	7632	0	12	102	27	0	0	0	0
WA	FR2	A	128	7632	0	91	0	26	0	0	446	0
GRS	FR2	G	129	7632	24	43	0	2	0	0	0	0
GRS	FR2	G	130	7632	12	27	0	4	0	0	0	0
RGYW	FR2	G	131	7632	0	0	0	0	795	579	0	170
C	FR2	C	132	7632	12	0	3	88	0	0	0	0
TW	FR2	T	133	7632	3	269	8	0	0	0	0	0
T	FR2	T	134	7632	0	0	0	0	39	89	124	0
GRS	FR2	G	135	7632	15	102	0	0	0	0	0	0
A	FR2	A	136	7632	0	15	4	9	0	0	0	0
G	FR2	G	137	7632	0	42	0	14	179	0	0	0
T	FR2	T	138	7632	0	2	12	0	0	0	0	0
G	FR2	G	139	7632	49	5	0	27	0	0	0	0
G	FR2	G	140	7632	2	62	0	14	0	0	0	0
A	FR2	A	141	7632	0	367	498	80	0	0	0	0
T	FR2	T	142	7632	2	8	3	0	0	0	0	0
GRS	FR2	G	143	7632	57	34	0	55	0	0	0	0
G	FR2	G	144	7632	5	0	0	6	0	0	0	0
G	FR2	G	145	7632	2	232	0	0	0	0	0	0
A	FR2	A	146	7632	0	0	0	0	0	343	807	241
T	FR2	T	147	7632	104	67	42	0	0	0	0	0
G	FR2	G	148	7632	68	32	0	42	0	0	0	0
G	FR2	G	149	7632	13	110	0	39	0	0	0	0
A	CDR2	A	150	7632	0	52	400	37	0	0	0	0
T	CDR2	T	151	7632	23	95	111	0	0	0	0	0
C	CDR2	C	152	7632	0	0	54	0	74	0	0	117
A	CDR2	A	153	7632	0	53	261	30	0	0	0	0
G	CDR2	G	154	7632	681	269	0	48	0	0	0	0
C	CDR2	C	155	7632	71	0	57	0	0	0	0	451
G	CDR2	G	156	7632	1291	1001	0	168	0	0	0	0
C	CDR2	C	157	7632	117	0	1346	712	0	0	0	0
TW	CDR2	T	158	7632	0	0	0	0	169	400	140	0
TW	CDR2	T	159	7632	502	674	412	0	0	0	0	0
WA	CDR2	A	160	7632	0	340	101	344	0	0	0	0
C	CDR2	C	161	7632	82	0	161	0	0	0	0	815
A	CDR2	A	162	7632	0	82	384	76	0	0	0	0
WA	CDR2	A	163	7632	0	319	668	57	0	0	0	0
T	CDR2	T	164	7632	142	0	150	0	0	705	0	0
G	CDR2	G	165	7632	231	121	0	65	0	0	0	0
RGYW	CDR2	G	166	7632	540	239	0	129	0	0	0	0
TW	CDR2	T	167	7632	0	0	0	0	585	612	368	0
WA	CDR2	A	168	7632	0	720	1397	285	0	0	0	0
WA	CDR2	A	169	7632	0	106	216	163	0	0	0	0
C	CDR2	C	170	7632	378	0	619	0	0	0	0	514
A	CDR2	A	171	7632	0	87	356	91	0	0	0	0
C	CDR2	C	172	7632	99	0	233	307	0	0	0	0
A	CDR2	A	173	7632	0	0	0	0	0	166	204	134
WA	FR3	A	174	7632	0	402	895	236	0	0	0	0
WA	FR3	A	175	7632	0	145	425	305	0	0	0	0
WRCY	FR3	C	176	7632	476	0	1162	0	0	0	0	891
TW	FR3	T	177	7632	149	216	89	0	0	0	0	0
WA	FR3	A	178	7632	0	337	39	518	0	0	0	0
T	FR3	T	179	7632	25	0	39	0	0	383	0	0
G	FR3	G	180	7632	288	231	0	194	0	0	0	0
C	FR3	C	181	7632	154	0	239	391	0	0	0	0
A	FR3	A	182	7632	0	0	0	0	0	136	297	122
C	FR3	C	183	7632	114	0	536	20	0	0	0	0
A	FR3	A	184	7632	0	275	274	47	0	0	0	0
G	FR3	G	185	7632	0	135	0	56	250	0	0	0
A	FR3	A	186	7632	0	134	189	15	0	0	0	0
WA	FR3	A	187	7632	0	144	800	91	0	0	0	0
RGYW	FR3	G	188	7632	0	851	0	519	1228	0	0	0
WRCY	FR3	C	189	7632	222	0	842	3628	0	0	0	0
T	FR3	T	190	7632	69	21	36	0	0	0	0	0
SYC	FR3	C	191	7632	0	0	0	0	50	0	145	434
C	FR3	C	192	7632	118	0	143	21	0	0	0	0
A	FR3	A	193	7632	0	7	349	98	0	0	0	0
GRS	FR3	G	194	7632	0	81	0	28	166	0	0	0
GRS	FR3	G	195	7632	33	18	0	8	0	0	0	0
RGYW	FR3	G	196	7632	1178	104	0	28	0	0	0	0
C	FR3	C	197	7632	0	0	0	0	69	0	93	98
A	FR3	A	198	7632	0	0	6	1	0	75	0	0
GRS	FR3	G	199	7632	12	9	0	5	0	0	0	0
A	FR3	A	200	7632	0	5	0	0	0	0	183	0
G	FR3	G	201	7632	322	616	0	67	0	0	0	0
T	FR3	T	202	7632	4	123	30	0	0	0	0	0
SYC	FR3	C	203	7632	0	0	0	0	58	0	44	51
A	FR3	A	204	7632	0	12	143	334	0	0	0	0
C	FR3	C	205	7632	80	0	124	279	0	0	0	0
C	FR3	C	206	7632	0	0	0	0	88	0	166	229
A	FR3	A	207	7632	0	577	350	620	0	0	0	0
T	FR3	T	208	7632	1	13	12	0	0	0	0	0
GRS	FR3	G	209	7632	50	63	0	28	0	0	0	0
A	FR3	A	210	7632	0	7	79	39	0	0	0	0
C	FR3	C	211	7632	30	0	138	31	0	0	0	0
C	FR3	C	212	7632	0	0	0	0	94	0	122	264
A	FR3	A	213	7632	0	23	463	120	0	0	0	0
C	FR3	C	214	7632	104	0	324	404	0	0	0	0
A	FR3	A	215	7632	0	0	0	0	0	101	324	212
GRS	FR3	G	216	7632	37	24	0	12	0	0	0	0
A	FR3	A	217	7632	0	16	10	25	0	0	0	0
C	FR3	C	218	7632	89	0	213	0	0	0	0	217
A	FR3	A	219	7632	0	111	269	150	0	0	0	0
C	FR3	C	220	7632	118	0	152	212	0	0	0	0
A	FR3	A	221	7632	0	0	0	0	0	153	277	201
T	FR3	T	222	7632	87	210	227	0	0	0	0	0
C	FR3	C	223	7632	68	0	27	134	0	0	0	0
C	FR3	C	224	7632	0	0	0	0	145	0	176	257
A	FR3	A	225	7632	0	6	188	117	0	0	0	0
C	FR3	C	226	7632	15	0	47	35	0	0	0	0
GRS	FR3	G	227	7632	0	0	0	0	172	138	0	58
A	FR3	A	228	7632	0	100	644	38	0	0	0	0
RGYW	FR3	G	229	7632	1283	1102	0	15	0	0	0	0
C	FR3	C	230	7632	183	0	322	0	0	0	0	791
A	FR3	A	231	7632	0	3	51	34	0	0	0	0
C	FR3	C	232	7632	20	0	14	99	0	0	0	0
A	FR3	A	233	7632	0	0	0	0	0	126	323	222
G	FR3	G	234	7632	115	8	0	58	0	0	0	0
WRCY	FR3	C	235	7632	10	0	173	988	0	0	0	0
SYC	FR3	C	236	7632	0	0	0	0	84	0	278	252
TW	FR3	T	237	7632	37	195	33	0	0	0	0	0
WA	FR3	A	238	7632	0	115	8	294	0	0	0	0
C	FR3	C	239	7632	3	0	9	0	0	0	0	659
A	FR3	A	240	7632	0	354	58	412	0	0	0	0
T	FR3	T	241	7632	1	4	7	0	0	0	0	0
G	FR3	G	242	7632	26	7	0	17	0	0	0	0
GRS	FR3	G	243	7632	27	67	0	8	0	0	0	0
A	FR3	A	244	7632	0	17	25	18	0	0	0	0
RGYW	FR3	G	245	7632	0	425	0	70	2104	0	0	0
WRCY	FR3	C	246	7632	159	0	327	0	0	0	0	1102
T	FR3	T	247	7632	2	4	11	0	0	0	0	0
GRS	FR3	G	248	7632	0	0	0	0	71	77	0	42
A	FR3	A	249	7632	0	0	203	54	0	202	0	0
G	FR3	G	250	7632	267	307	0	49	0	0	0	0
GRS	FR3	G	251	7632	0	93	0	45	71	0	0	0
A	FR3	A	252	7632	0	54	393	14	0	0	0	0
G	FR3	G	253	7632	429	148	0	7	0	0	0	0
WRCY	FR3	C	254	7632	62	0	97	0	0	0	0	485
SYC	FR3	C	255	7632	12	0	14	0	0	0	0	70
T	FR3	T	256	7632	0	6	7	0	0	0	0	0
GRS	FR3	G	257	7632	0	0	0	0	247	462	0	59
A	FR3	A	258	7632	0	0	154	9	0	144	0	0
G	FR3	G	259	7632	381	1255	0	80	0	0	0	0
A	FR3	A	260	7632	0	131	0	79	0	0	248	0
T	FR3	T	261	7632	82	326	132	0	0	0	0	0
C	FR3	C	262	7632	197	0	24	401	0	0	0	0
T	FR3	T	263	7632	0	0	0	0	128	202	103	0
GRS	FR3	G	264	7632	67	14	0	1	0	0	0	0
A	FR3	A	265	7632	0	46	78	7	0	0	0	0
C	FR3	C	266	7632	53	0	55	0	0	0	0	43
GRS	FR3	G	267	7632	2	2	0	2	0	0	0	0
A	FR3	A	268	7632	0	2	2	1	0	0	0	0
C	FR3	C	269	7632	21	0	5	0	0	0	0	70
A	FR3	A	270	7632	0	0	57	110	0	0	0	0
C	FR3	C	271	7632	2	0	5	0	0	0	0	0
GRS	FR3	G	272	7632	0	0	0	0	42	26	0	15
G	FR3	G	273	7632	7	0	0	5	0	0	0	0
C	FR3	C	274	7632	6	0	118	2	0	0	0	0
SYC	FR3	C	275	7632	0	0	0	0	13	0	4	12
G	FR3	G	276	7632	1083	246	0	94	0	0	0	0
T	FR3	T	277	7632	20	107	33	0	0	0	0	0
G	FR3	G	278	7632	0	0	0	0	1167	1523	0	896
TW	FR3	T	279	7632	4	3	8	0	0	0	0	0
WA	FR3	A	280	7632	0	0	0	108	0	0	0	0
TW	FR3	T	281	7632	0	0	0	0	0	405	0	0
TW	FR3	T	282	7632	1	20	6	0	0	0	0	0
WA	FR3	A	283	7632	0	6	3	858	0	0	0	0
C	FR3	C	284	7632	1	0	4	0	0	0	0	1411
